1.179761713753348431e+03
2.668889037048548289e+03
9.310276910525636822e+02
1.673702385140316437e+03
2.170851613365824505e+03
1.427566134741403857e+03
2.417387476908048484e+03
1.924410713490327453e+03
3.413645349178015294e+03
3.162440540878199499e+03
2.916372326356159647e+03
4.409045903125078439e+03
3.909585386473067501e+03
3.663638639021014114e+03
1.184167822276496508e+03
4.159957941517850486e+03
1.498880610736676090e+03
1.813615736230570519e+03
2.127004020780127121e+03
3.071636213659241093e+03
2.757250553700556338e+03
3.704175580169842306e+03
3.388473557614702713e+03
2.443830086069147910e+03
4.017656730578077259e+03
1.438679571310560732e+03
4.651540619126157253e+03
4.334802717086478879e+03
4.965859674384238133e+03
1.819329604096119510e+03
5.281627556542217462e+03
5.598869744085816819e+03
2.201346508117748726e+03
3.346949729736521931e+03
2.583585399135241460e+03
2.965646779008794965e+03
4.495685980011599895e+03
3.730006256820000090e+03
4.111758415135080213e+03
4.877969803524798408e+03
5.259482217026833496e+03
5.644225159185204575e+03
6.408571831369226857e+03
1.694609101835161709e+03
6.792966053550171637e+03
2.142030579167597352e+03
2.592313167455991334e+03
6.027555636709531427e+03
3.042586385368941137e+03
3.490401026755694147e+03
3.940240384180778619e+03
4.391054766324125012e+03
4.839478668330381879e+03
5.741287860956749682e+03
5.291039652247624872e+03
6.191062426957324533e+03
6.640818509614461618e+03
7.093856319620049362e+03
7.543571239981394683e+03
2.466733360221320254e+03
7.993147597158903409e+03
1.951286304940693071e+03
3.502486643080510476e+03
2.985517788463720080e+03
4.536647714385845575e+03
4.019243640475257052e+03
5.574148653405637560e+03
6.090817773338940242e+03
6.610361046105712376e+03
5.055621960142138960e+03
7.129538398020845307e+03
7.646417248858899256e+03
8.166584816547278024e+03
8.683898759063717080e+03
2.209640605240897457e+03
9.203022900588930497e+03
2.793787577904772206e+03
3.380633726391273285e+03
3.965999729428974661e+03
4.552208553740048956e+03
6.310931765951921079e+03
6.896919960847303628e+03
5.136959771153822658e+03
7.484009432714015929e+03
8.070494197796679146e+03
8.659260006798267568e+03
5.723884502867946139e+03
9.244450821841843208e+03
9.832643610346378409e+03
1.041960434787978011e+04
2.470282706653084006e+03
3.124142520046911613e+03
4.433201987045425085e+03
3.779325704079081333e+03
5.088660929863392994e+03
5.742018298709266674e+03
6.398155206851558432e+03
7.052899934260416558e+03
7.709266195936486838e+03
9.676214735505078352e+03
8.363517013809621858e+03
9.020706493739529833e+03
1.033233567572275751e+04
1.098729049033229239e+04
1.164405002274093204e+04
2.732825599817580951e+03
3.456569581937425482e+03
4.903798198954501459e+03
4.180222213600975920e+03
6.352228322485406352e+03
5.628006319308342427e+03
7.075677868796083203e+03
7.801320091179685733e+03
8.525965859799784084e+03
9.251385129677204532e+03
1.070204180189729777e+04
9.974982948441460394e+03
1.142717593333099103e+04
1.215195831602435283e+04
1.287732216206324847e+04
2.997209506170082932e+03
3.791057854683369442e+03
4.584173055605144327e+03
5.376951473864712170e+03
6.170942658819726603e+03
6.964694519806012067e+03
7.758233423015580229e+03
8.553118412474301294e+03
9.347417050397680214e+03
1.014380240688868253e+04
1.093752854061343169e+04
1.173251869386070757e+04
1.252836981555849707e+04
1.332394712634121970e+04
1.411850840183250693e+04
3.263992752011276480e+03
4.127775507771603770e+03
4.992202661282693953e+03
5.855282972056631479e+03
6.718256122442588094e+03
7.583674970553811363e+03
8.448342872370238183e+03
9.311890705486872321e+03
1.017751835314057280e+04
1.104250644683632709e+04
1.190889776716775850e+04
1.277250538773417975e+04
1.363971503113268227e+04
1.450404620916773638e+04
1.537083536956557327e+04
3.533329194388621545e+03
4.466908176613940668e+03
5.403090944308605685e+03
6.335005372426356189e+03
7.270176021613115154e+03
9.140790624444980494e+03
8.204404881054666475e+03
1.101109753873828959e+04
1.007433463655014384e+04
1.194684958933669077e+04
1.288352311440955054e+04
1.381954590310301501e+04
1.475544728314371969e+04
1.569144478057749257e+04
1.662762336577007227e+04
4.809307207460243262e+03
3.804194757844904871e+03
5.815051880207379327e+03
6.819058098644919482e+03
7.824979026212020472e+03
8.830705332990468378e+03
9.836919628232315517e+03
1.084442366262980249e+04
1.184954945471315295e+04
1.285676208582084655e+04
1.386383133597384222e+04
1.487265044673527154e+04
1.587874229295830810e+04
1.789375137372306926e+04
1.688598736377685054e+04
4.077577296761246089e+03
5.154145597226802238e+03
6.231076665782331474e+03
7.307635566291056421e+03
8.384578398973719231e+03
9.462500316705823934e+03
1.053962459047097764e+04
1.161914989956241152e+04
1.269694948327298334e+04
1.377489100254702316e+04
1.485374564310693859e+04
1.593364258011863603e+04
1.701256471447314107e+04
1.809199519180172865e+04
1.916974304632559142e+04
4.352785091894073958e+03
5.500696586705520531e+03
6.650690050212788265e+03
7.799199836132569544e+03
8.947292998094093491e+03
1.009705639083223650e+04
1.124673813292120394e+04
1.239814584999521503e+04
1.354803397522190426e+04
1.584896115178021319e+04
1.469854719922716504e+04
1.700124995160719118e+04
1.815156092577985692e+04
1.930353590665238517e+04
2.045478521035790254e+04
4.630220301608099362e+03
5.850817060590859001e+03
7.071698249245188890e+03
8.294093366419569065e+03
9.514107372710861455e+03
1.073682145232880066e+04
1.318226484313187211e+04
1.195953268037193811e+04
1.440524532941931102e+04
1.562873174555294827e+04
1.685170043192498269e+04
1.807592559560358495e+04
1.930010235000169268e+04
2.052338588341851937e+04
2.174760128080107097e+04
