1.459960208996241988e+02
4.005149684505682330e+02
1.153871545060879100e+02
2.072162190469878738e+02
2.779862931394384873e+02
1.766059662181623082e+02
3.391631648889901953e+02
2.378133429295208146e+02
5.838695058481328033e+02
5.227158321298779811e+02
4.615343333956895435e+02
8.474776257804522857e+02
7.062829446393018316e+02
6.451450152975022547e+02
1.175314288097776654e+02
7.674557325216861727e+02
1.486148117283636054e+02
1.797007789852662540e+02
2.107906270488914515e+02
3.444693563122806381e+02
2.825764740311720971e+02
4.681799898457159657e+02
4.065114066857595958e+02
2.418692438821266251e+02
5.300220171540540832e+02
1.199670140594153622e+02
6.538670471807619151e+02
5.918570734758704930e+02
7.155912336416799917e+02
1.515864573776730708e+02
7.775793098221980699e+02
8.583501421978212420e+02
1.832122149548710013e+02
2.877739402216382700e+02
2.148242268795993084e+02
2.464542996010431182e+02
4.757734366046356627e+02
3.504639770122817595e+02
4.132859240109358439e+02
5.384870290610211896e+02
6.010960389799951145e+02
6.638676664252812998e+02
7.891493044092237596e+02
1.227652054204262271e+02
8.709556588801796124e+02
1.549835076948904771e+02
1.872025535761775643e+02
7.264440904890652746e+02
2.194291499915458417e+02
2.516444090117891790e+02
2.937058389352415588e+02
3.573410479064308447e+02
4.211799299725828405e+02
5.482068649799175546e+02
4.845745475165782068e+02
6.118538392355956148e+02
6.754546714689214468e+02
7.391303653319120031e+02
8.026682214841030145e+02
1.584327868680343556e+02
8.856235026291379882e+02
1.256113677060712064e+02
2.240634420763454102e+02
1.912314391069202202e+02
2.996300156782054387e+02
2.568738498959881440e+02
4.289406320014727498e+02
4.932880495124395566e+02
5.578975460541238363e+02
3.641932769463821273e+02
6.224595913701109566e+02
6.869589873139181009e+02
7.515990856997042329e+02
8.161754816698606874e+02
1.286451729165977156e+02
9.002477350827507507e+02
1.620808597413669077e+02
1.955203633854455632e+02
2.289715286259394986e+02
2.624041538356381693e+02
4.372780702879907153e+02
5.026364649568263303e+02
3.059006924964549512e+02
5.682524381496768910e+02
6.338278737861375021e+02
6.994820567969808280e+02
3.714643246352873120e+02
7.650673526425899809e+02
8.305477986329639180e+02
9.159235154489851993e+02
1.317694166202108761e+02
1.658270197255654068e+02
2.339483331773438692e+02
1.998927339346702468e+02
2.680140202306831156e+02
3.122587981181853820e+02
3.788650794034895739e+02
4.457091762280539342e+02
5.121680712648035296e+02
7.119164865816053407e+02
5.787799345537700901e+02
6.453801266416268163e+02
7.786003257524998844e+02
8.451903778246025922e+02
9.317829113040733091e+02
1.349589526513927069e+02
1.696234305228971948e+02
2.389810999682905788e+02
2.043039120015413346e+02
3.186705360820078567e+02
2.736426634655780390e+02
3.863209781275207320e+02
4.541762266446301055e+02
5.215891368602143530e+02
5.893094110512164434e+02
7.246130985852061031e+02
6.569685806332014408e+02
7.922217486308152274e+02
8.598517644032166345e+02
9.479288105012826691e+02
1.382394936134023169e+02
1.735330001308080909e+02
2.088332910367406896e+02
2.441138222639915796e+02
2.794405086124245372e+02
3.251866894829120724e+02
3.939024175295866712e+02
4.628697970653687435e+02
5.313915218586009814e+02
6.001394697699586231e+02
6.688029022511917674e+02
7.376318318436050276e+02
8.064471976505410566e+02
8.752277635673685836e+02
9.643428742436136645e+02
1.415861960365361938e+02
1.775039361121710044e+02
2.134054376838417681e+02
2.493119845880497394e+02
2.852405409542348593e+02
3.316993419851567069e+02
4.015181230207707586e+02
4.715772511386314250e+02
5.411674650540417133e+02
6.109552098319751394e+02
6.808998870609107144e+02
7.506262148129508205e+02
8.204841418244467377e+02
8.902963630119003255e+02
9.809166208515515564e+02
1.450200187017469489e+02
1.815430051749371785e+02
2.180684932413504100e+02
2.545904635628731114e+02
2.910922757767625058e+02
4.093287018051078121e+02
3.383821599949963002e+02
5.511488086824034554e+02
4.804243845617034481e+02
6.220300573725853610e+02
6.929054146087720483e+02
7.640161368173670553e+02
8.347900260327289743e+02
9.057161659400677536e+02
9.978064408187676690e+02
1.856622168356992120e+02
1.485371142439263394e+02
2.228120410972276773e+02
2.599009953947425515e+02
2.970574118870537745e+02
3.451145610887336943e+02
4.171429313313886382e+02
4.893793460647980282e+02
5.612423679351176133e+02
6.332246035116286293e+02
7.053063688884602698e+02
7.772745199935752680e+02
8.492500901694410231e+02
1.014790754874266213e+03
9.213684575818880376e+02
1.520778088522224891e+02
1.898240053690602736e+02
2.275466068718155270e+02
2.652803816081307673e+02
3.030244095174906533e+02
3.518096614222542371e+02
4.249670116334434624e+02
4.983861954953266036e+02
5.712665835956612455e+02
6.444532019407964754e+02
7.175593817758398245e+02
7.909348833961176979e+02
8.638620666698391233e+02
9.370397289807120842e+02
1.031926421260164261e+03
1.558441903996663029e+02
1.942155386996064976e+02
2.325626909559176170e+02
2.709367604251923467e+02
3.093116384463211830e+02
3.589452163377492298e+02
4.332939059964818966e+02
5.079464567061518778e+02
5.820443450676276598e+02
7.308948282473430709e+02
6.564098375817192164e+02
8.050365718844822140e+02
8.793969682855677092e+02
9.537707490454757817e+02
1.050275684209357223e+03
1.596944925009150893e+02
1.986969157755452215e+02
2.376803595008268246e+02
2.767003397145318786e+02
3.157082052020239757e+02
3.661457563732221843e+02
5.175244070277504989e+02
4.417373873468809506e+02
5.929456326308244343e+02
6.684177801623344521e+02
7.438804488713655019e+02
8.197094753115873118e+02
8.952046501730382033e+02
9.707355474218587688e+02
1.068845531431145901e+03
