1.049879331872698003e+03
2.282764701319377309e+03
8.322884641999045243e+02
1.482797963260801907e+03
1.909149992216307055e+03
1.268770972714065238e+03
2.092889493219487122e+03
1.702538902468008018e+03
2.842039821475424105e+03
2.652043219877507909e+03
2.465377203454664595e+03
3.565307879158664036e+03
3.209561002834020655e+03
3.026735651033073736e+03
1.081849124617606549e+03
3.399111043765808972e+03
1.363657829152932436e+03
1.651245109533230334e+03
1.929987179580785778e+03
2.740454839400254514e+03
2.488004467731454497e+03
3.247000683180905980e+03
2.993752996804316808e+03
2.216896386935397913e+03
3.496818570451351661e+03
1.330285239154805595e+03
4.005958503454869970e+03
3.752196582613496503e+03
4.255579416370414037e+03
1.678420623353769997e+03
4.507275511796687169e+03
4.742384836979844295e+03
2.033042538850295841e+03
3.067836341609078318e+03
2.378721056714194219e+03
2.729773087925108484e+03
4.026831847875900621e+03
3.387578942563553483e+03
3.707650526933789479e+03
4.343129664785024033e+03
4.662789469321371143e+03
4.985019145340374962e+03
5.618426719100762966e+03
1.582171194577488222e+03
5.920797380616324517e+03
1.997727212383285405e+03
2.416955680281890636e+03
5.302367600438316003e+03
2.832700753155004350e+03
3.248247904262867905e+03
3.653015101384814898e+03
4.039745577157340449e+03
4.425061869977828792e+03
5.197191934347466486e+03
4.812192725334130046e+03
5.579747107332469568e+03
5.964749548553118984e+03
6.355924876250253874e+03
6.737344329585195737e+03
2.315869962307487185e+03
7.101029267406194776e+03
1.833847353008223763e+03
3.285344804978263710e+03
2.803432666167617754e+03
4.240097577172503406e+03
3.766504960839440173e+03
5.146454531969425261e+03
5.599514119193567240e+03
6.052030318985759550e+03
4.694748910839088239e+03
6.504127750072557319e+03
6.954709965580858807e+03
7.409560477567828457e+03
7.857575831394535271e+03
2.087208043318313685e+03
8.293809601877910609e+03
2.637990360634939407e+03
3.191848749046252578e+03
3.740071592108819004e+03
4.290524121862139509e+03
5.873235177755586847e+03
6.391735400450047564e+03
4.833564306656166082e+03
6.909489875658300662e+03
7.430255494436404661e+03
7.953567964257494168e+03
5.352901198235085758e+03
8.469010563971072770e+03
8.990674424027121859e+03
9.489564047674070025e+03
2.342596613561301183e+03
2.959089361665146953e+03
4.201364576807745834e+03
3.584677513242896111e+03
4.818949309555788204e+03
5.432075680094152631e+03
6.016949567537169060e+03
6.603530214515784792e+03
7.189406279370504308e+03
8.950462703087452610e+03
7.778580190069978926e+03
8.368351230041376766e+03
9.541226789425647439e+03
1.012650959401969158e+04
1.069233190287627986e+04
2.599057193090012333e+03
3.284502413142239675e+03
4.664574712477010507e+03
3.977615535186438592e+03
6.027861754127485256e+03
5.350304884527435206e+03
6.684343337319856801e+03
7.340743659966706218e+03
7.994669840776587080e+03
8.650961007146883276e+03
9.962508391929994104e+03
9.302285487861900037e+03
1.061490210724456119e+04
1.127060322347190413e+04
1.190881784306169902e+04
2.859825694192888932e+03
3.613371156663097736e+03
4.376793911970547924e+03
5.131839437446377815e+03
5.886749022991166385e+03
6.633655956880169470e+03
7.360333070266134200e+03
8.084022252641567320e+03
8.808453076190007778e+03
9.531794265936941883e+03
1.025900664027345192e+04
1.098198161517874723e+04
1.170655793613449714e+04
1.242935467275839619e+04
1.313455318046410684e+04
3.121958188890730071e+03
3.945251464606842092e+03
4.781378712802140399e+03
5.603968609810639464e+03
6.428178958879189850e+03
7.245359064335856601e+03
8.042517859560838588e+03
8.833769750614053919e+03
9.627733958205457384e+03
1.042122757624436599e+04
1.121506372650975936e+04
1.200492243341356152e+04
1.280306094092143212e+04
1.359473513998987255e+04
1.436792806691500846e+04
3.386017808047265589e+03
4.279932352240984983e+03
5.184812239320326626e+03
6.077728815265946650e+03
6.975594898140821897e+03
8.724374588655784464e+03
7.860523747823322083e+03
1.044994914179493935e+04
9.585723437268605267e+03
1.131267090925514640e+04
1.217834426407923820e+04
1.304141904185499334e+04
1.390695740070991633e+04
1.476603431411865131e+04
1.560757264742579537e+04
4.616885780885956592e+03
3.652431657695932699e+03
5.588207153140336231e+03
6.555163776943535595e+03
7.521273142647559325e+03
8.477211811159284480e+03
9.409846771951113624e+03
1.034616937548714668e+04
1.127661914015077491e+04
1.220966852666625527e+04
1.314339501221226055e+04
1.408064659534082239e+04
1.500850503024926184e+04
1.685548354425660727e+04
1.594533968644866582e+04
3.917640215672961858e+03
4.953304240654387286e+03
5.994958835876654121e+03
7.035506084337342145e+03
8.069539317020107774e+03
9.097851242943288526e+03
1.009944769116829957e+04
1.110640816243510562e+04
1.210841590267844003e+04
1.311181179090399928e+04
1.411575853161475789e+04
1.512221950178068255e+04
1.612690599590549937e+04
1.712569850314400537e+04
1.810505401817402890e+04
4.183558875294726931e+03
5.290050606333806172e+03
6.405408413792594729e+03
7.515507758216364891e+03
8.620445553663184910e+03
9.719698521353429896e+03
1.079147981414070819e+04
1.187013475480939087e+04
1.294196918878497308e+04
1.508673956108343737e+04
1.401631181450538861e+04
1.616675620604397227e+04
1.723688276085075631e+04
1.831501174711339627e+04
1.936861527590151672e+04
4.449755619433468382e+03
5.627923332620489418e+03
6.811571175804972881e+03
7.995506503864611659e+03
9.172007018623942713e+03
1.034335223844372740e+04
1.263192207947364295e+04
1.148881394195751454e+04
1.378000451211297332e+04
1.492169839565785333e+04
1.607042657233581122e+04
1.721707341194085893e+04
1.835974638098962532e+04
1.950539467381196664e+04
2.062361181897201095e+04
