1.013333342297318040e+03
2.293333341494132128e+03
8.000000086488934130e+02
1.440000008801927379e+03
1.866666675838582933e+03
1.226666675834168700e+03
2.080000008616254945e+03
1.653333341699684297e+03
2.933333341457068855e+03
2.720000008316200365e+03
2.506666674993041397e+03
3.786666674612228235e+03
3.360000008096966212e+03
3.146666674686790884e+03
8.000000112259467642e+02
3.573333341405039846e+03
1.013333344820159255e+03
1.226666678354596115e+03
1.440000011376648672e+03
2.080000011180189631e+03
1.866666678445929392e+03
2.506666677662522943e+03
2.293333344127001510e+03
1.653333344344427132e+03
2.720000010938939795e+03
8.000000139189735364e+02
3.146666677256858748e+03
2.933333344108369602e+03
3.360000010687332178e+03
1.013333347350335771e+03
3.573333344041649525e+03
3.786666677221962345e+03
1.226666681015880158e+03
1.866666680850459443e+03
1.440000014149611388e+03
1.653333346862713142e+03
2.506666680167077629e+03
2.080000013953296275e+03
2.293333346717626682e+03
2.720000013643916645e+03
2.933333346680528393e+03
3.146666679935072807e+03
3.573333346691464158e+03
8.000000165591577570e+02
3.786666679858867155e+03
1.013333349969239066e+03
1.226666683655759471e+03
3.360000013323355233e+03
1.440000016810194211e+03
1.653333349416098827e+03
1.866666683439578946e+03
2.080000016629569473e+03
2.293333349479807111e+03
2.720000016267523279e+03
2.506666682739020416e+03
2.933333349463086051e+03
3.146666682568871693e+03
3.360000015931860162e+03
3.573333349359450040e+03
1.013333352515591059e+03
3.786666682458379455e+03
8.000000191689371150e+02
1.440000019424133598e+03
1.226666686235523002e+03
1.866666686075307553e+03
1.653333352169881209e+03
2.293333352285645105e+03
2.506666685332682846e+03
2.720000018878712126e+03
2.080000019225023152e+03
2.933333352172214290e+03
3.146666685211469485e+03
3.360000018602911950e+03
3.573333351904976553e+03
8.000000218587784957e+02
3.786666685124665946e+03
1.013333355201179870e+03
1.226666688815795396e+03
1.440000021907314931e+03
1.653333355182524201e+03
2.293333354884793607e+03
2.506666688001124385e+03
1.866666688712542509e+03
2.720000021510713850e+03
2.933333354724602032e+03
3.146666687882291171e+03
2.080000021884156013e+03
3.360000021112191462e+03
3.573333354676513409e+03
3.786666687793108849e+03
8.000000244717286932e+02
1.013333357663086190e+03
1.440000024506912041e+03
1.226666691525595297e+03
1.653333357856524799e+03
1.866666691351377949e+03
2.080000024581406706e+03
2.293333357466761299e+03
2.506666690878008012e+03
3.146666690549386658e+03
2.720000024059030238e+03
2.933333357429511125e+03
3.360000023872255952e+03
3.573333357277027517e+03
3.786666690391708016e+03
8.000000271272676855e+02
1.013333360283663524e+03
1.440000027169555551e+03
1.226666694124526657e+03
1.866666693725946516e+03
1.653333360527229161e+03
2.080000027141900318e+03
2.293333360239613739e+03
2.506666693434102854e+03
2.720000026777297990e+03
3.146666693238504195e+03
2.933333360008544332e+03
3.360000026540909857e+03
3.573333359795642536e+03
3.786666693135743117e+03
8.000000297198912449e+02
1.013333363308821390e+03
1.226666696650817585e+03
1.440000029815523476e+03
1.653333363135961463e+03
1.866666696523687278e+03
2.080000029738054309e+03
2.293333362888171450e+03
2.506666696085655985e+03
2.720000029363614431e+03
2.933333362665805907e+03
3.146666695861501012e+03
3.360000029179938792e+03
3.573333362598614258e+03
3.786666695768068166e+03
8.000000323136919178e+02
1.013333365983555382e+03
1.226666699270393792e+03
1.440000032410574022e+03
1.653333365882186627e+03
1.866666699156518916e+03
2.080000032422869026e+03
2.293333365498552212e+03
2.506666698876521423e+03
2.720000032072330214e+03
2.933333365445746040e+03
3.146666698659048052e+03
3.360000031919044886e+03
3.573333365087186849e+03
3.786666698467345213e+03
8.000000349292918145e+02
1.013333368769375511e+03
1.226666702182356858e+03
1.440000035077920074e+03
1.653333368573659754e+03
2.080000035209187899e+03
1.866666701969753376e+03
2.506666701551778260e+03
2.293333368305899512e+03
2.720000034825770854e+03
2.933333368005494776e+03
3.146666701326251768e+03
3.360000034469438106e+03
3.573333367799578809e+03
3.786666701099774855e+03
1.013333371392543313e+03
8.000000376445035499e+02
1.226666704973191827e+03
1.440000037773626673e+03
1.653333371233996559e+03
1.866666704631175207e+03
2.080000037750064166e+03
2.293333371020773029e+03
2.506666704168575961e+03
2.720000037385942960e+03
2.933333370668105090e+03
3.146666704003921041e+03
3.360000037229206555e+03
3.786666703714479354e+03
3.573333370464089057e+03
8.000000402285850214e+02
1.013333373966431964e+03
1.226666707539567369e+03
1.440000040512609758e+03
1.653333373908903923e+03
1.866666707397525670e+03
2.080000040397644170e+03
2.293333373769727586e+03
2.506666706931634963e+03
2.720000040033689857e+03
2.933333373194781871e+03
3.146666706569661073e+03
3.360000039824768919e+03
3.573333373149946510e+03
3.786666706198368502e+03
8.000000427561113838e+02
1.013333376619170963e+03
1.226666710001615684e+03
1.440000043231093287e+03
1.653333376671753058e+03
1.866666709831107255e+03
2.080000043069153890e+03
2.293333376335248886e+03
2.506666709639355759e+03
2.933333375933449588e+03
2.720000042792621571e+03
3.146666709338109740e+03
3.360000042589236273e+03
3.573333375748470644e+03
3.786666708996177931e+03
8.000000452778734825e+02
1.013333379422922803e+03
1.226666712523100841e+03
1.440000045800371254e+03
1.653333379430072227e+03
1.866666712552784929e+03
2.293333379029058960e+03
2.080000045612646772e+03
2.506666712158978498e+03
2.720000045383208089e+03
2.933333378595468275e+03
3.146666711855918493e+03
3.360000045123692871e+03
3.573333378337531940e+03
3.786666711696963375e+03
