9.396352644756042594e+00
8.567019100369584805e+00
9.064434835030786175e+00
9.230562157486703612e+00
9.621933570669636282e+00
9.611433664908712871e+00
9.042006854694641049e+00
8.776392016152840370e+00
8.534077375545662036e+00
8.733670255915493286e+00
8.742365602810110659e+00
8.355343037590657218e+00
8.509961119003506269e+00
8.427540041997312770e+00
1.176311531000542487e+01
8.485480640971783117e+00
1.203825888454078807e+01
1.225080925628509654e+01
1.192679700521407682e+01
1.172693869908401076e+01
1.235232614142269014e+01
1.153781804389761945e+01
1.132413339360838833e+01
1.154594847419303250e+01
1.148017616025172849e+01
1.458323327530659697e+01
1.111889593868152026e+01
1.131049680962208903e+01
1.122256910670080465e+01
1.468783999134362972e+01
1.124650720551050398e+01
1.108822172259518091e+01
1.503767895200810045e+01
1.487031373353780239e+01
1.483061328219361918e+01
1.418306867252043091e+01
1.416054720118162891e+01
1.463089634476787104e+01
1.403699844623365678e+01
1.431277663168139824e+01
1.400400897713761239e+01
1.392346055413579897e+01
1.402132856943044992e+01
1.734801561988950880e+01
1.384952591803141075e+01
1.743033669716920997e+01
1.780213975138799753e+01
1.398295301558966841e+01
1.761675058710049058e+01
1.685695023706024642e+01
1.758161342214294010e+01
1.743345772135020511e+01
1.692952089638107438e+01
1.706018119368024344e+01
1.685384867507764994e+01
1.691786715877117331e+01
1.668152637898393564e+01
1.671453274931810640e+01
1.681519611260056379e+01
2.009685730011515403e+01
1.657169018927093163e+01
2.008096035990766381e+01
2.035404415965290426e+01
2.050364874087784628e+01
2.034171716857352052e+01
1.974068218385570361e+01
1.986775854540432817e+01
1.956989872207154946e+01
1.979458104673724606e+01
2.015138262360170529e+01
1.975481659707657300e+01
1.944882436093595857e+01
1.951160937538586637e+01
1.948082496163449662e+01
2.289773779603742554e+01
1.936377385349738844e+01
2.290917859926164724e+01
2.320567300119761001e+01
2.295439328144917823e+01
2.289547714109641774e+01
2.258952949775385832e+01
2.236422529643538937e+01
2.310338160129921548e+01
2.255074173652394265e+01
2.242760106356163874e+01
2.224562649458096786e+01
2.293597347076230974e+01
2.213925330691640170e+01
2.238308169107025236e+01
2.215806670848013127e+01
2.563399519727101961e+01
2.548726126843645190e+01
2.567665162126752776e+01
2.604334300576162775e+01
2.569564948439841956e+01
2.586672310579329093e+01
2.576047387089456464e+01
2.529331213215867535e+01
2.537683737753970092e+01
2.503852513919526501e+01
2.521926259289995187e+01
2.526012164240994906e+01
2.502949637911154923e+01
2.510626360064717133e+01
2.487921930849118368e+01
2.841483717331819747e+01
2.823149378815936572e+01
2.846490873398653321e+01
2.876489285519344108e+01
2.835330580886799723e+01
2.849235293573748962e+01
2.844174160562890563e+01
2.819696670433319596e+01
2.805348212193926116e+01
2.806572810468706436e+01
2.785445219516413573e+01
2.796078704032153794e+01
2.782397169309552609e+01
2.774364395461351762e+01
2.775263582374157778e+01
3.112981019774024460e+01
3.139940461576443198e+01
3.141039698779070122e+01
3.123572916071539396e+01
3.122417428641115933e+01
3.128305269369074537e+01
3.116038597568254787e+01
3.097047701565729128e+01
3.083013033756643750e+01
3.077405783947096296e+01
3.074338026151347236e+01
3.060117586973876058e+01
3.058751860872508743e+01
3.067876344614764150e+01
3.050912980696001497e+01
3.384601550443923657e+01
3.420035550056584839e+01
3.415358382524503611e+01
3.395323657103567427e+01
3.409997550420613521e+01
3.404010643704674521e+01
3.397187457354881701e+01
3.370382410654678296e+01
3.375276924814633617e+01
3.361058119846781267e+01
3.365449383262154015e+01
3.353070728760377506e+01
3.345583126504622840e+01
3.328480112180479011e+01
3.333573462534372567e+01
3.658503598621851438e+01
3.711762065711631209e+01
3.720293903446020067e+01
3.674642860296118130e+01
3.691842300545778244e+01
3.688963706060455650e+01
3.698606193680589627e+01
3.655411279499226396e+01
3.664377631983916928e+01
3.649387489781695137e+01
3.633495205875721723e+01
3.632369662330626170e+01
3.612646831137577408e+01
3.612506855141003115e+01
3.609228003276906804e+01
3.986458148951727765e+01
3.942838822482209338e+01
4.012547593992039907e+01
3.956933626671939663e+01
3.970428876987899969e+01
3.977305891662587811e+01
3.955039691705411542e+01
3.948673622351857659e+01
3.929436808779877310e+01
3.917482226329994432e+01
3.912316517580585185e+01
3.912767882689735188e+01
3.901642962440453744e+01
3.883031970432105595e+01
3.891525558217804104e+01
4.213441731783478161e+01
4.255990632775286997e+01
4.281292451201756677e+01
4.243753306021005045e+01
4.250537368793811765e+01
4.266989245765724803e+01
4.232285092442874230e+01
4.236533463885116646e+01
4.218772138225082813e+01
4.194743288815944737e+01
4.176902809717405773e+01
4.181437979546627304e+01
4.173436615876296685e+01
4.172773041768904534e+01
4.143133229494485903e+01
4.478120289839336010e+01
4.533782379973939669e+01
4.539115444960858525e+01
4.528429157329138377e+01
4.539858441006006018e+01
4.521829218128797123e+01
4.512040845813025669e+01
4.505189703857288208e+01
4.502318964232006948e+01
4.463683198817007280e+01
4.483651680666436334e+01
4.471341463401229532e+01
4.462923400223473891e+01
4.444882073188475857e+01
4.436105114534304050e+01
4.742197165053423191e+01
4.827388703720990293e+01
4.803162461156701823e+01
4.797480528066621730e+01
4.828705679857935706e+01
4.806839008039027306e+01
4.787280037045014325e+01
4.778390557758884682e+01
4.766168505874119887e+01
4.754931312289556189e+01
4.742444395971256199e+01
4.735000682113125237e+01
4.728323997775815002e+01
4.716001352321234918e+01
4.718923540019861207e+01
