7.658443505966864295e-01
8.133899154501009754e-01
7.376532143400167385e-01
7.990788383411782103e-01
8.156458387282269351e-01
7.853631280427961769e-01
8.142826769030597767e-01
8.101381194042733824e-01
8.110536932361229745e-01
8.116076471778054247e-01
8.123966104666719978e-01
8.063709565307495275e-01
8.098858362530099164e-01
8.104309919096618353e-01
7.683725864354454815e-01
8.095185551449289862e-01
7.946684687846387041e-01
8.131931764528879114e-01
8.260863460444262119e-01
8.408918995677157060e-01
8.414951250622563217e-01
8.401038956597237650e-01
8.405607785937051490e-01
8.362756786602957293e-01
8.397573151113884027e-01
7.928882700127036776e-01
8.393200550048064423e-01
8.395763545262198146e-01
8.390758714766881621e-01
8.173002920095457924e-01
8.389299996230652479e-01
8.364652205012763631e-01
8.343168638682325611e-01
8.604286234287472634e-01
8.463776321805053238e-01
8.550736942865048151e-01
8.601246449394249760e-01
8.603730511576096474e-01
8.600612721719171905e-01
8.600521665911347036e-01
8.599810165097488968e-01
8.599816607354804354e-01
8.598950981822452988e-01
8.099197626856714516e-01
8.578243325994222568e-01
8.327944787235711521e-01
8.488224656927989553e-01
8.599412596142895771e-01
8.602937051959003156e-01
8.687686014133753076e-01
8.739367545080639621e-01
8.741721530338245616e-01
8.742527841299798652e-01
8.746827630108429119e-01
8.745773254621300730e-01
8.747671624862413120e-01
8.749016260278124069e-01
8.750368747116934465e-01
8.751141655123766405e-01
8.443770713412651618e-01
8.733201758556105032e-01
8.222464018225943416e-01
8.707007006009555017e-01
8.597689783387726381e-01
8.840318318839324174e-01
8.791155328961138826e-01
8.849435334535293851e-01
8.853764213092861768e-01
8.857283165072280529e-01
8.845908234996912034e-01
8.860074578403672740e-01
8.862249144031115744e-01
8.865024841347144413e-01
8.866307448850136996e-01
8.316949407975505748e-01
8.851298182488350763e-01
8.528607384433906091e-01
8.679596446753847783e-01
8.787860420611836032e-01
8.867861395852951745e-01
8.931279536781504547e-01
8.937158868540036050e-01
8.915707683773598236e-01
8.942010026829391167e-01
8.945985717034333762e-01
8.949263433532175238e-01
8.924229465772068881e-01
8.952487799184376538e-01
8.955223512780865480e-01
8.942495535230786663e-01
8.392329937149241026e-01
8.602981865943899464e-01
8.851317697552827379e-01
8.746206290641052039e-01
8.930390346712533400e-01
8.978595794045743927e-01
8.989360316662179384e-01
8.996832289542515682e-01
9.004139986224145575e-01
9.019836019922738979e-01
9.010295721529377744e-01
9.015378553399614470e-01
9.023730346127331048e-01
9.027008333716047828e-01
9.016088488386955202e-01
8.464332768199007706e-01
8.668385713887825084e-01
8.911075468531428623e-01
8.809825004245355196e-01
9.034415426961304174e-01
8.987690471464727660e-01
9.045988317407408497e-01
9.055769886472495589e-01
9.063792288684950904e-01
9.070244878371951369e-01
9.081126970915676111e-01
9.075962817602538646e-01
9.085337442738031788e-01
9.089208535086581442e-01
9.079470071026174427e-01
8.515753126910231563e-01
8.717142589314776924e-01
8.855116768795855409e-01
8.954734715594878658e-01
9.029387087857332350e-01
9.075960440000890861e-01
9.089998102687959491e-01
9.100108193494670372e-01
9.109035364965228920e-01
9.116809863429100602e-01
9.123313619726691748e-01
9.128964133881485310e-01
9.133773514365023383e-01
9.138020434310182294e-01
9.129920616034195024e-01
8.557308010290602951e-01
8.757332188070378054e-01
8.892836433243197503e-01
8.990464926288683767e-01
9.064721103916486555e-01
9.111848346364151974e-01
9.126187881615847042e-01
9.137752490035063735e-01
9.147947112827936600e-01
9.156021531998466134e-01
9.163517085913513993e-01
9.169704819469456369e-01
9.175155728266969346e-01
9.179806811261268518e-01
9.172707548526570775e-01
8.591506943977014199e-01
8.789050645522625826e-01
8.923485302097640126e-01
9.020218977699272500e-01
9.094263801838825545e-01
9.156789543823707911e-01
9.140589998467949506e-01
9.180385095316372368e-01
9.169333412193749755e-01
9.189654907373452364e-01
9.197417878420346415e-01
9.204191186701543570e-01
9.210098415270380201e-01
9.215296527881602362e-01
9.209085896499831225e-01
8.818790315968743077e-01
8.623189131581454614e-01
8.950674393985358357e-01
9.046942388926667578e-01
9.119796086546914093e-01
9.166761929914710727e-01
9.183357698759935239e-01
9.197278004553771646e-01
9.208763828319739275e-01
9.218695985315409347e-01
9.227013774899799348e-01
9.234403826305136453e-01
9.240681140563399287e-01
9.240958081860065620e-01
9.246221824280816959e-01
8.651305429792768287e-01
8.845240611131454100e-01
8.977001678712809296e-01
9.072038282969447920e-01
9.143901324555174792e-01
9.190593980814094621e-01
9.208292638907568106e-01
9.222927367912150398e-01
9.235054493700324274e-01
9.245182767925854694e-01
9.253988838251281379e-01
9.261586372478129991e-01
9.268302152692360352e-01
9.274172267901603650e-01
9.269467589458324497e-01
8.670782497455268301e-01
8.863689801661743806e-01
8.995026907583605347e-01
9.089829074429405242e-01
9.161186524334857806e-01
9.207910733673284609e-01
9.226746163631575071e-01
9.242262688248232827e-01
9.255103311127040877e-01
9.275061730568806562e-01
9.266018841026119057e-01
9.283418976017931978e-01
9.290367288331020656e-01
9.296573102243606002e-01
9.292636177052738811e-01
8.686082985291000425e-01
8.878942911283087547e-01
9.009490160314318485e-01
9.104659767519727165e-01
9.175621296747512590e-01
9.223042200710029892e-01
9.258938024772734865e-01
9.242572108889370863e-01
9.272501988445907006e-01
9.284057333154774883e-01
9.293757267349646023e-01
9.302194442558753273e-01
9.309686623022513929e-01
9.316193673554727939e-01
9.312967784983250397e-01
