9.971450858765249450e+02
1.288339617959213001e+03
1.593734644624159500e+03
1.904369935062288278e+03
2.229292322436195718e+03
2.578356358862768957e+03
2.910737790126155687e+03
3.239581098630361339e+03
3.676295348139954058e+03
4.035616033466253157e+03
4.379633445341538390e+03
4.847488616737410666e+03
5.252791369206401214e+03
5.626861218407351771e+03
6.103953308250931514e+03
1.251387994597678926e+03
1.607348124484486789e+03
1.983498294815135068e+03
2.358728859713469774e+03
2.741850704096700156e+03
3.175415727135378347e+03
3.568094726352048838e+03
3.967615036995573064e+03
4.448462779878503170e+03
4.903764025634245627e+03
5.324545841992787246e+03
5.784580591073376127e+03
6.315034478901998227e+03
6.791407098654297442e+03
7.264428295412555599e+03
1.504148746634348299e+03
1.930533678320030276e+03
2.373515106627912701e+03
2.815949966577867144e+03
3.267847791626120397e+03
3.745759432741563160e+03
4.241166212173186977e+03
4.714442009679570219e+03
5.195718310824264336e+03
5.772848931434453334e+03
6.288690550418963539e+03
6.768228626477147372e+03
7.320442002244307332e+03
7.945333616569843798e+03
8.486670591726233397e+03
1.758573583348654211e+03
2.258056898355125213e+03
2.756048082569251164e+03
3.279982111362875003e+03
3.804969797099007792e+03
4.338537305935139557e+03
4.906549686957704580e+03
5.461602340640547482e+03
6.002030043984473195e+03
6.594256255747757677e+03
7.237026895092009909e+03
7.802037090780369908e+03
8.402308011941016957e+03
9.040174757551083530e+03
9.720167987677808924e+03
2.015062224907042037e+03
2.583305517019462968e+03
3.151983628871269502e+03
3.744751105560306314e+03
4.337627087447780468e+03
4.937797896560293339e+03
5.552482962035831406e+03
6.207572133626818868e+03
6.825071973815855017e+03
7.472761493142083964e+03
8.157589723393418353e+03
8.831105988703031471e+03
9.509285568822389905e+03
1.018757872685467737e+04
1.090922191091367677e+04
2.277371396059272683e+03
2.911550589076596225e+03
3.551586681444721307e+03
4.206415057202004391e+03
4.877327107205071115e+03
5.554260141671389647e+03
6.225842647400617352e+03
6.948109172035839038e+03
7.647264663048675175e+03
8.363928660742727516e+03
9.113941322231354206e+03
9.834762722055833365e+03
1.062264635919915418e+04
1.135844261456501590e+04
1.214221519198616807e+04
2.540700470232488897e+03
3.244802965554303682e+03
3.953138095305072966e+03
4.671059048103546957e+03
5.422391047553291173e+03
6.171360119916176700e+03
6.909987202557316778e+03
7.693513409030242656e+03
8.463428704802125139e+03
9.279500836347862787e+03
1.008031993931185207e+04
1.088546835891247065e+04
1.172438522011747955e+04
1.253396458805572001e+04
1.341008014449356415e+04
2.804179546524767375e+03
3.582595420064183145e+03
4.361416997332266874e+03
5.146972304348059879e+03
5.959193310657581605e+03
6.784643005019831435e+03
7.603873444227474465e+03
8.453559603332048937e+03
9.293725046336776359e+03
1.014613701523153213e+04
1.105558174315449651e+04
1.193389317804915481e+04
1.284734693598779450e+04
1.371878953040850138e+04
1.464191132142524839e+04
3.068445185362593747e+03
3.921357652433417570e+03
4.771596764611818799e+03
5.626591070358972502e+03
6.503502556075099164e+03
7.395457192756445693e+03
8.301965557485285899e+03
9.227016080478668300e+03
1.013376435288253197e+04
1.107254257447513919e+04
1.201178093039398300e+04
1.298918812655654256e+04
1.398339823022334349e+04
1.492686943375754163e+04
1.591216372703541310e+04
3.336721534393967886e+03
4.262281148021406807e+03
5.186042115207575989e+03
6.118043664914042893e+03
7.061206408716157057e+03
8.017697623368818313e+03
8.983315789032005341e+03
1.000510157731121217e+04
1.098899842108403936e+04
1.199179219934474713e+04
1.301022970055350743e+04
1.403175992658879295e+04
1.511546424720647519e+04
1.614671623147297214e+04
1.720761163615060650e+04
3.608132865981370742e+03
4.604589977760752845e+03
5.604820356070316848e+03
6.605896902575137574e+03
7.622898706215430138e+03
8.655564751671627164e+03
9.684501471390613005e+03
1.076168304846664250e+04
1.184514902148763576e+04
1.293083726439678867e+04
1.401675343891631019e+04
1.510683522360675852e+04
1.627040846406851233e+04
1.734937548050462647e+04
1.850045903627125153e+04
3.882965845132933737e+03
4.946447032315055367e+03
6.021736518492621144e+03
7.097428350907205640e+03
8.192275921885080606e+03
9.296158480605146906e+03
1.040350184217566493e+04
1.154838366101887368e+04
1.269727256180179938e+04
1.385529792351956348e+04
1.503226185580642232e+04
1.619008485088859743e+04
1.742164600440238428e+04
1.859342655450666280e+04
1.981005468122378079e+04
4.158646160853072615e+03
5.294848503374637403e+03
6.440497650192654874e+03
7.585590799224703915e+03
8.763044874794710267e+03
9.949060105802345788e+03
1.112058839468813858e+04
1.233751891822157995e+04
1.356468766400831919e+04
1.480687335752713807e+04
1.603829102734626758e+04
1.727966589671019028e+04
1.860108853082315181e+04
1.984626080673232718e+04
2.112968523012130754e+04
4.436904275501278789e+03
5.644863011778539658e+03
6.861946005025363775e+03
8.073046895767390197e+03
9.328528827579819335e+03
1.059749835563019769e+04
1.185070232514919553e+04
1.313612022289480410e+04
1.444134327956979178e+04
1.575397036381298130e+04
1.708012691756376444e+04
1.840219537697399937e+04
1.976625308113645951e+04
2.108723546711866948e+04
2.247452004009448865e+04
4.716921606854646598e+03
5.998174477622105769e+03
7.292327826150622968e+03
8.576123067410690055e+03
9.899843533535920869e+03
1.124749988714255414e+04
1.258145790787083206e+04
1.395405643623656943e+04
1.533026885867917917e+04
1.671440487950644820e+04
1.810480795974349530e+04
1.950914996992508532e+04
2.097367538799503382e+04
2.236944514689754578e+04
2.382342657409348249e+04
