2.147141808663749885e+02
2.117886751006674615e+02
2.157333738937105636e+02
2.136211393688942053e+02
2.126746155847956175e+02
2.135426398623541502e+02
2.121818947982821157e+02
2.131865894900404044e+02
2.113869447517326705e+02
2.113576037575680857e+02
2.119314670725389362e+02
2.112402433589373345e+02
2.114606718999828274e+02
2.118216477913976803e+02
2.394382688895037177e+02
2.113912552348624843e+02
2.386755653294744945e+02
2.369232220892408805e+02
2.370015958868152666e+02
2.367256860297581511e+02
2.367820358045179603e+02
2.368319118029806134e+02
2.362209209940749872e+02
2.365787518221142989e+02
2.366281684215680059e+02
2.558329897755992306e+02
2.366267356942575475e+02
2.364235832335286318e+02
2.367977786450862823e+02
2.551073743221538734e+02
2.364644756012731079e+02
2.362679083798742852e+02
2.539430302197810079e+02
2.551396360754812065e+02
2.541112593483551336e+02
2.561927056860358221e+02
2.553248715240172544e+02
2.548657600152398572e+02
2.557294826441863620e+02
2.552570389795611732e+02
2.552337399050731506e+02
2.550996433522883819e+02
2.550156514371931564e+02
2.749429566371771330e+02
2.549094461190753691e+02
2.750857935914506811e+02
2.744953027455484857e+02
2.552646490834275141e+02
2.746677705764124084e+02
2.755963402788177632e+02
2.746642270746537520e+02
2.747049000680165136e+02
2.749013177531570022e+02
2.743568826099831881e+02
2.742106678675050944e+02
2.744669421127527471e+02
2.740870514890447680e+02
2.739360341132535268e+02
2.738601064173481632e+02
2.961985416781832328e+02
2.738258722535645120e+02
2.962185861966492553e+02
2.960568114071443802e+02
2.957158923413088587e+02
2.954919084996849392e+02
2.957999540111372880e+02
2.957856627517710990e+02
2.952481183027085763e+02
2.949340402863545023e+02
2.953943556819198193e+02
2.948173448715912173e+02
2.947012694216834348e+02
2.939558973593429982e+02
2.941933381443960798e+02
3.185063902810567811e+02
2.941001350887501644e+02
3.199155819159391285e+02
3.187663101868343460e+02
3.180723493819577357e+02
3.187653985242636736e+02
3.178905360099328163e+02
3.175716484492667746e+02
3.188355826467338261e+02
3.172315766488626991e+02
3.170361700577843180e+02
3.172050924050010394e+02
3.185208794796437815e+02
3.166068414961142707e+02
3.165944068780313501e+02
3.162580468007073478e+02
3.414483410235185374e+02
3.414951880729513505e+02
3.413717309867325866e+02
3.418844247476479836e+02
3.414644730461873223e+02
3.409526589403155299e+02
3.404552420006086777e+02
3.407055585849625459e+02
3.404785948058008671e+02
3.395745966583029372e+02
3.398812090367804331e+02
3.398232150277023038e+02
3.392462174083491959e+02
3.390936825107421555e+02
3.389138962893302391e+02
3.608522162612994180e+02
3.613655665258127669e+02
3.602581473111377477e+02
3.604287532816532007e+02
3.602459607515233415e+02
3.602559383811401972e+02
3.598970261676637392e+02
3.592544863378936952e+02
3.590659719641631114e+02
3.590136851621318215e+02
3.582720542588629655e+02
3.585991694091405293e+02
3.582044218156442525e+02
3.578450101282298874e+02
3.576496387349506563e+02
3.841569135194048954e+02
3.843776470092745399e+02
3.838571270946827667e+02
3.835251743188752016e+02
3.839042529381355848e+02
3.839011588119756766e+02
3.827761972488020206e+02
3.829312654931747488e+02
3.828894845426908091e+02
3.825404771954517855e+02
3.822167935612201290e+02
3.818209814640846389e+02
3.817151471895824102e+02
3.816057311483482408e+02
3.811478051833915970e+02
4.086962283115717014e+02
4.082285276359544355e+02
4.081268423631439077e+02
4.081749835787840652e+02
4.079350237180859153e+02
4.074979327831143223e+02
4.073918487991847428e+02
4.071021158750490372e+02
4.067811610240277673e+02
4.069145757869982845e+02
4.061924830893933631e+02
4.058940740647535108e+02
4.057229269928767508e+02
4.056045371375125228e+02
4.053890044842323732e+02
4.342345483248799383e+02
4.339045318961963176e+02
4.337515769148779441e+02
4.335212170317868754e+02
4.329753049818868362e+02
4.324084807917158173e+02
4.330065154163891066e+02
4.319101333961146452e+02
4.322279098605695253e+02
4.314448592207169213e+02
4.313324368477749431e+02
4.308434877156119001e+02
4.307068955881057377e+02
4.304460687334366185e+02
4.302421163865577114e+02
4.585077932672478482e+02
4.588549547760373457e+02
4.589112089749131087e+02
4.584583067734041038e+02
4.581762683616051390e+02
4.575767191484640648e+02
4.576182340099072690e+02
4.571025801769038139e+02
4.568956060076773724e+02
4.564132204818451441e+02
4.561258031293676822e+02
4.557714339083196364e+02
4.555269391180029288e+02
4.549818861348325072e+02
4.552250302425204609e+02
4.835957787203184921e+02
4.830574098072527249e+02
4.825324592848392626e+02
4.822039031814346686e+02
4.819825811254100927e+02
4.815428649627493769e+02
4.812051419501350438e+02
4.805788375037533910e+02
4.804299123556082804e+02
4.801892588591708773e+02
4.798766900865680327e+02
4.794326696383410535e+02
4.792163929750968236e+02
4.789003096413817389e+02
4.788527536972936218e+02
5.114310100403654928e+02
5.109645577728683179e+02
5.104883988446350145e+02
5.100025592735568125e+02
5.099173901942239127e+02
5.096307527391419399e+02
5.092467528319891699e+02
5.085294890627446875e+02
5.083687286306508781e+02
5.078590262727342406e+02
5.078935049448684822e+02
5.072787648217256447e+02
5.070865797830528550e+02
5.068348127253052553e+02
5.067609616128045218e+02
5.407046685980625398e+02
5.400284039048107161e+02
5.397872412763732655e+02
5.389298620196478851e+02
5.390815953862484093e+02
5.383342389940887642e+02
5.375507210790742647e+02
5.383451600265342449e+02
5.372549697696798603e+02
5.367962209793020065e+02
5.366986130177593850e+02
5.362588840250360818e+02
5.358981751673119334e+02
5.356759333738469877e+02
5.355090657512949974e+02
