1.159725332018023494e+02
1.470330224243650150e+02
1.781615545619897034e+02
2.092908838484042064e+02
2.405722630622701104e+02
2.817540011635909423e+02
3.438892835964172150e+02
4.060462073015978035e+02
4.690647435763997919e+02
5.316885364253787429e+02
5.942950553736176289e+02
6.577023808936155547e+02
7.206302944064802887e+02
7.836172675227003310e+02
8.668365825438835373e+02
1.181611654958366557e+02
1.496874713751851118e+02
1.812920943622802383e+02
2.129773648119887639e+02
2.447493480524964582e+02
2.866523048865747683e+02
3.496199992619045815e+02
4.127533485635316310e+02
4.767282098546681937e+02
5.404433753126706961e+02
6.041917977714645076e+02
6.682948679450208829e+02
7.326558457868900405e+02
7.974514874766709909e+02
8.810767433937656961e+02
1.207618987322609030e+02
1.529473414449551854e+02
1.852036027361307333e+02
2.175907707229420396e+02
2.500176030110234819e+02
2.925027559351830746e+02
3.567968944508028244e+02
4.209282722757932902e+02
4.853281815767545595e+02
5.502766691310276883e+02
6.152775086399873317e+02
6.799525005814033420e+02
7.451583260875919450e+02
8.113525118998708194e+02
8.964012028461858108e+02
1.235846753950693540e+02
1.563818437351753232e+02
1.891741639078819048e+02
2.222726920537107276e+02
2.553372943441179075e+02
2.984876849141211324e+02
3.637293109357119079e+02
4.290294008659914766e+02
4.941176733857144541e+02
5.600251328935537458e+02
6.263406768975652312e+02
6.922122322754883044e+02
7.581453411120340888e+02
8.248961102861366044e+02
9.121462108966541109e+02
1.264541780318520949e+02
1.598937520726333616e+02
1.933538130046349295e+02
2.270230630541415451e+02
2.607621406889446689e+02
3.046197667851042183e+02
3.708852868109755150e+02
4.373636393734138892e+02
5.038241518012781626e+02
5.704285027558939873e+02
6.378987455703427258e+02
7.051822114699318718e+02
7.724793821592368204e+02
8.400200760052395026e+02
9.280420059570768672e+02
1.295715001405719704e+02
1.636306038926436486e+02
1.977380328483750986e+02
2.320529086013644928e+02
2.664370421550925130e+02
3.111648352461227773e+02
3.782828833695220396e+02
4.460255045239194374e+02
5.134792441779734418e+02
5.812041594010057679e+02
6.494327855792239461e+02
7.177484509660496315e+02
7.864441407380362534e+02
8.551154509560979022e+02
9.444270786308698007e+02
1.327090968973748204e+02
1.673993562281105199e+02
2.021449564182595111e+02
2.370243677109630482e+02
2.721256592377922630e+02
3.176011940841900696e+02
3.857926534293781060e+02
4.544009798447594903e+02
5.230678810021967138e+02
5.920142194054377569e+02
6.612232987647271329e+02
7.309187771709824801e+02
8.004038581815848374e+02
8.702755477346787529e+02
9.610367293658919152e+02
1.358897588251248294e+02
1.713065910911500964e+02
2.066496235002849460e+02
2.421187288124345969e+02
2.778617637128556908e+02
3.241305702259398345e+02
3.935599657835684297e+02
4.631121221456100443e+02
5.329987152913014370e+02
6.027804177733867164e+02
6.734961497053292305e+02
7.441537100058264969e+02
8.149212124663715713e+02
8.855938630936338996e+02
9.779400051803064571e+02
1.391791309941666839e+02
1.752644239801960566e+02
2.112145053684252503e+02
2.473141365585055382e+02
2.836343528551391842e+02
3.306585977505932874e+02
4.012164074264907185e+02
4.719353544284962823e+02
5.429061013566018801e+02
6.138402086320261333e+02
6.853472843266517884e+02
7.572733417145495878e+02
8.292053163729843845e+02
9.010805360599044889e+02
9.942560030516390270e+02
1.425475357534560317e+02
1.792210176121932363e+02
2.158729770176670399e+02
2.526771306859472190e+02
2.894831861344770232e+02
3.372919544363841169e+02
4.088906426408426569e+02
4.810393264247816774e+02
5.529067919919169753e+02
6.252440601943802676e+02
6.977630373166341542e+02
7.707650757659249621e+02
8.436258502524460710e+02
9.171308629500330198e+02
1.012028654235030672e+03
1.460343035596491745e+02
1.833657101065822985e+02
2.206319785558677609e+02
2.580542757306691328e+02
2.954826047996148191e+02
3.440909233676901522e+02
4.167394874045926372e+02
4.899121645895807546e+02
5.632497443054642190e+02
6.366739150557253879e+02
7.105844257015714902e+02
7.843721861478679784e+02
8.589011013537599410e+02
9.331525888370185839e+02
1.029317379878425982e+03
1.495775813010339164e+02
1.875256328976037423e+02
2.253602002398457671e+02
2.634330895280545519e+02
3.016016174718392904e+02
3.509354964908119996e+02
4.248834678943470635e+02
4.989594185427357615e+02
5.734087131202101091e+02
6.479213924927664721e+02
7.230477331318093093e+02
7.982377964080912989e+02
8.737840513857818223e+02
9.496327776870824664e+02
1.047398397097524139e+03
1.531649211058457638e+02
1.917342729258998020e+02
2.302421288478075212e+02
2.688302070693647465e+02
3.077502844188085191e+02
3.580223216502957939e+02
4.330152565938827820e+02
5.085307366208059534e+02
5.844513567038899282e+02
6.602656132234980078e+02
7.364036681797750816e+02
8.131363023800648762e+02
8.896520252454142792e+02
9.667684289725934832e+02
1.066441485449831362e+03
1.570092576530455801e+02
1.962101935805624748e+02
2.354106090639398587e+02
2.745633071163422301e+02
3.141340424682838943e+02
3.652823969525691723e+02
4.416845637702750764e+02
5.182374254360653367e+02
5.953200236102813960e+02
6.725258194554098736e+02
7.500888731739440800e+02
8.278919212877561904e+02
9.058262082875475016e+02
9.838514181903726694e+02
1.085481555514467573e+03
1.608454206572650094e+02
2.007106996865383337e+02
2.405706646069945975e+02
2.804290772928148954e+02
3.205827523755361881e+02
3.727038324993005176e+02
4.502802414281092069e+02
5.283512767137547144e+02
6.067054501277957570e+02
6.850019597719607418e+02
7.639451527901538839e+02
8.434845601375171782e+02
9.225834231582047096e+02
1.002205566947002808e+03
1.105346040879263683e+03
