8.866760331272728308e+02
1.147876857762869577e+03
1.421697441325476575e+03
1.703214761272317219e+03
1.993374989345352787e+03
2.304805672727107321e+03
2.574338355111976398e+03
2.835185747892589006e+03
3.205515198968630102e+03
3.496426121325002896e+03
3.774953172819172778e+03
4.181540161894453377e+03
4.505484779608380450e+03
4.820228153649840351e+03
5.207382394299219413e+03
1.135369986229623237e+03
1.459991981403014961e+03
1.801982976613776827e+03
2.148555359440985740e+03
2.499703881739717872e+03
2.889479964235009447e+03
3.219408489203323370e+03
3.549739137389583448e+03
3.960570807218883147e+03
4.345539849261193012e+03
4.701516984442291687e+03
5.087270320209277088e+03
5.544453204981642557e+03
5.961684542562656134e+03
6.336988687713532272e+03
1.382234762180198913e+03
1.776882261562956728e+03
2.183186398615575399e+03
2.596905597081678934e+03
3.014745950620555504e+03
3.447488785498108427e+03
3.878658212576686310e+03
4.278109261903358856e+03
4.690597101628540258e+03
5.184750323676133121e+03
5.633033574730233340e+03
6.056874345844212257e+03
6.511600842568490407e+03
7.082652874672110556e+03
7.522896741912554717e+03
1.630981583544065870e+03
2.095757589818216729e+03
2.559982987125572890e+03
3.050262808202247015e+03
3.537203418264463835e+03
4.023914518240389498e+03
4.526513178946409425e+03
5.007146903311085225e+03
5.468201383218523915e+03
5.985094266780369253e+03
6.558013948768759292e+03
7.051377714942044804e+03
7.556729333226725430e+03
8.125800081933095498e+03
8.718031906233425616e+03
1.881298682303071473e+03
2.414066663779331066e+03
2.945228552519688492e+03
3.504804807937432543e+03
4.057328211232340891e+03
4.608726467530487753e+03
5.155282899689406804e+03
5.728206654749156769e+03
6.269874342109888858e+03
6.832615617133496016e+03
7.445846289870666624e+03
8.049805934079656254e+03
8.633800161620905783e+03
9.239401375987499705e+03
9.854681715661930866e+03
2.136643592875191189e+03
2.733660495644458933e+03
3.333178775466193656e+03
3.952899849738756984e+03
4.583157031043531788e+03
5.204964294810991305e+03
5.806101124289889412e+03
6.445845605334072388e+03
7.065616719007196480e+03
7.698456945954203547e+03
8.361847991227776220e+03
9.018815436014399893e+03
9.695516260015530861e+03
1.036407910335476481e+04
1.102660581747721881e+04
2.392954521543429109e+03
3.057697076712946910e+03
3.725149727331552185e+03
4.406176545554144468e+03
5.111972356085731917e+03
5.803377886125944315e+03
6.472408015628407156e+03
7.162217878242117877e+03
7.848126171224475911e+03
8.560793426464715594e+03
9.285897298180587313e+03
1.002132073801278239e+04
1.074106197545629220e+04
1.148553373072203067e+04
1.223546727213093254e+04
2.650318372463906144e+03
3.387563993712238243e+03
4.120164068148988008e+03
4.869019300493936498e+03
5.629817306246401131e+03
6.401516227765042458e+03
7.143979512446700937e+03
7.897832447447543927e+03
8.653422525853442494e+03
9.409782361479970859e+03
1.023201492459182191e+04
1.102772248853883502e+04
1.182217202863641432e+04
1.261668762386572052e+04
1.342575499848089748e+04
2.907399936828569025e+03
3.717962168424318861e+03
4.520297253193290999e+03
5.336313146082318781e+03
6.163639259899421631e+03
6.992966260459476871e+03
7.818486752773701483e+03
8.647076087709643616e+03
9.466448564059652199e+03
1.029163767585308051e+04
1.115302867977919050e+04
1.204079644820929025e+04
1.290572627891361662e+04
1.377609578339784821e+04
1.462037787306250902e+04
3.167807255344897385e+03
4.049509460912172472e+03
4.924372214526863900e+03
5.814382315915367144e+03
6.704412283513121110e+03
7.598853436881806374e+03
8.480105045601696474e+03
9.401367985464425146e+03
1.028333541014510047e+04
1.118232494640648474e+04
1.210863052452266675e+04
1.304608235521786082e+04
1.397897577913384885e+04
1.492535425534697242e+04
1.586230027173962299e+04
3.432699150537322566e+03
4.382791558086392797e+03
5.333634548534195346e+03
6.292425063045226125e+03
7.252563171262028845e+03
8.215124699423444326e+03
9.162102586920735121e+03
1.013503417727471606e+04
1.110927724791979927e+04
1.208361007402412179e+04
1.307647639623205032e+04
1.406529629145216131e+04
1.509026090066555662e+04
1.608578659005102963e+04
1.708187738133436142e+04
3.701421998167407764e+03
4.718512836724016779e+03
5.741434519917066609e+03
6.772555388700149706e+03
7.810086734746961156e+03
8.841446873133731060e+03
9.861678927160841340e+03
1.089028123377216980e+04
1.193259530993879525e+04
1.297347721358908348e+04
1.404723582532880391e+04
1.511260563767199892e+04
1.619189711253294445e+04
1.727523742559879247e+04
1.834107755981560695e+04
3.970228353050496025e+03
5.056831504845119525e+03
6.147002977295606797e+03
7.246544560491522134e+03
8.361498293677272159e+03
9.473846098898324271e+03
1.055376197422080804e+04
1.165744654107554925e+04
1.277832276984904092e+04
1.389396851244488789e+04
1.501294322796172492e+04
1.616036618198413635e+04
1.731145699901929038e+04
1.846452949643538159e+04
1.959374966445603786e+04
4.238531215411508128e+03
5.395116595392311865e+03
6.556250850004859785e+03
7.718456741773422436e+03
8.909426692882554562e+03
1.009875743157173565e+04
1.126089561349827818e+04
1.242437081198184751e+04
1.361147769731821609e+04
1.480135387730737420e+04
1.600732255584508857e+04
1.722477005120706599e+04
1.842256672087871630e+04
1.964620224515435621e+04
2.087515201143951344e+04
4.503236318984804711e+03
5.732276651897600459e+03
6.966488209970578282e+03
8.200806172321978011e+03
9.456001303766746787e+03
1.072495152597783999e+04
1.195775312865037813e+04
1.320612924638906043e+04
1.445921123175909815e+04
1.571001287086186130e+04
1.698625413606407892e+04
1.828568436764799480e+04
1.956235744410335246e+04
2.085351711842429722e+04
2.213411519178723756e+04
