8.000000092263983333e+02
1.013333343314810008e+03
1.226666676738746219e+03
1.440000009927482779e+03
1.653333343762833238e+03
1.866666676888628899e+03
2.080000010144050975e+03
2.293333343818640515e+03
2.506666677682314457e+03
2.720000010914282029e+03
2.933333344843230861e+03
3.146666677810682359e+03
3.360000011667457329e+03
3.573333345074553108e+03
3.786666677748005441e+03
8.000000119333952853e+02
1.013333346008320859e+03
1.226666679368767973e+03
1.440000012551046439e+03
1.653333346405153634e+03
1.866666679586908685e+03
2.080000012774181869e+03
2.293333346457945936e+03
2.506666680350777824e+03
2.720000013540651253e+03
2.933333347415468324e+03
3.146666680372524752e+03
3.360000014259901036e+03
3.573333347739325291e+03
3.786666680428480049e+03
8.000000145668346931e+02
1.013333348674624290e+03
1.226666682012292995e+03
1.440000015210238644e+03
1.653333349054145856e+03
1.866666682232863877e+03
2.080000015404013084e+03
2.293333349089254170e+03
2.506666683020542223e+03
2.720000016177678845e+03
2.933333350142242580e+03
3.146666683044400088e+03
3.360000016855875401e+03
3.573333350333697126e+03
3.786666683037615712e+03
8.000000172288208660e+02
1.013333351321804912e+03
1.226666684665028015e+03
1.440000017859302261e+03
1.653333351717762525e+03
1.866666684894295031e+03
2.080000018046453079e+03
2.293333351742742707e+03
2.506666685594434512e+03
2.720000018899208953e+03
2.933333352784962699e+03
3.146666685601125664e+03
3.360000019536214950e+03
3.573333352992754953e+03
3.786666685697596677e+03
8.000000198998639007e+02
1.013333353902047975e+03
1.226666687341718443e+03
1.440000020507677846e+03
1.653333354355189158e+03
1.866666687578731853e+03
2.080000020731345558e+03
2.293333354338855770e+03
2.506666688298518693e+03
2.720000021476171241e+03
2.933333355431620930e+03
3.146666688274555781e+03
3.360000022156194063e+03
3.573333355646514065e+03
3.786666688204507864e+03
8.000000224905951427e+02
1.013333356529088746e+03
1.226666690060767451e+03
1.440000023126339329e+03
1.653333356959905814e+03
1.866666690191500038e+03
2.080000023331881494e+03
2.293333357026469912e+03
2.506666690900900903e+03
2.720000024130457405e+03
2.933333358046655121e+03
3.146666690896949149e+03
3.360000024735980332e+03
3.573333358205068635e+03
3.786666690717473557e+03
8.000000251517715242e+02
1.013333359198010271e+03
1.226666692689377896e+03
1.440000025790615382e+03
1.653333359653921207e+03
1.866666692825867358e+03
2.080000026023974442e+03
2.293333359634795215e+03
2.506666693498484165e+03
2.720000026755092676e+03
2.933333360746678409e+03
3.146666693423112065e+03
3.360000027433954983e+03
3.573333360884353624e+03
3.786666693451356878e+03
8.000000278365185977e+02
1.013333361815502371e+03
1.226666695382432863e+03
1.440000028370199288e+03
1.653333362225015435e+03
1.866666695439901559e+03
2.080000028666344861e+03
2.293333362274400315e+03
2.506666696160608808e+03
2.720000029331561109e+03
2.933333363389707756e+03
3.146666696051690451e+03
3.360000030112103559e+03
3.573333363485994141e+03
3.786666695979747146e+03
8.000000304847591224e+02
1.013333364400605774e+03
1.226666698065351056e+03
1.440000031020473443e+03
1.653333364962302312e+03
1.866666698139133814e+03
2.080000031378965559e+03
2.293333364933098437e+03
2.506666698779699345e+03
2.720000031992613458e+03
2.933333365958458216e+03
3.146666698625475874e+03
3.360000032683130030e+03
3.573333366137702342e+03
3.786666698512838593e+03
8.000000331669988327e+02
1.013333367001646934e+03
1.226666700666629822e+03
1.440000033620868862e+03
1.653333367532190096e+03
1.866666700854457531e+03
2.080000033963923670e+03
2.293333367507787898e+03
2.506666701439066856e+03
2.720000034713438254e+03
2.933333368588442681e+03
3.146666701295772782e+03
3.360000035337146528e+03
3.573333368793061254e+03
3.786666701111448219e+03
8.000000358044514996e+02
1.013333369658558695e+03
1.226666703213144956e+03
1.440000036273045907e+03
1.653333370098726846e+03
1.866666703475072609e+03
2.080000036610740153e+03
2.293333370074423783e+03
2.506666704057828156e+03
2.720000037339825667e+03
2.933333371170514511e+03
3.146666703935326950e+03
3.360000038077286263e+03
3.573333371348905530e+03
3.786666703809772571e+03
8.000000384551009347e+02
1.013333372221470768e+03
1.226666705773775675e+03
1.440000038784618027e+03
1.653333372770845017e+03
1.866666706105667799e+03
2.080000039122611270e+03
2.293333372693744877e+03
2.506666706805151989e+03
2.720000039866678890e+03
2.933333373876141195e+03
3.146666706422016887e+03
3.360000040544500735e+03
3.573333373923868749e+03
3.786666706368181167e+03
8.000000410229240515e+02
1.013333374902569858e+03
1.226666708439627428e+03
1.440000041318196736e+03
1.653333375283452597e+03
1.866666708671423748e+03
2.080000041668647100e+03
2.293333375276344213e+03
2.506666709363571044e+03
2.720000042513068365e+03
2.933333376445365502e+03
3.146666709093522968e+03
3.360000043266158173e+03
3.573333376581238099e+03
3.786666708986534559e+03
8.000000435669934404e+02
1.013333377435116404e+03
1.226666710976251125e+03
1.440000043792287897e+03
1.653333377812286699e+03
1.866666711212586051e+03
2.080000044154878651e+03
2.293333377812045910e+03
2.506666711958656833e+03
2.720000045133417188e+03
2.933333379056550712e+03
3.146666711733955253e+03
3.360000045784981012e+03
3.573333379141090518e+03
3.786666711536393905e+03
8.000000461080179548e+02
1.013333379815293597e+03
1.226666713696452234e+03
1.440000046395306754e+03
1.653333380304381535e+03
1.866666713701722983e+03
2.080000046813804602e+03
2.293333380427040993e+03
2.506666714518819390e+03
2.720000047656018069e+03
2.933333381758592623e+03
3.146666714206302004e+03
3.360000048442425850e+03
3.573333381909590116e+03
3.786666714180509643e+03
