9.669063510570751419e+00
1.046827872586938035e+01
1.055853050302958174e+01
1.040902395127584334e+01
1.094454587292982239e+01
1.072127498824634273e+01
1.064160878157965762e+01
1.100088288336475273e+01
1.155818433282808577e+01
1.145396071022197404e+01
1.207962059999911730e+01
1.170495930210798541e+01
1.224843380857255148e+01
1.233296599058458121e+01
1.164189247144641470e+01
1.250380378548925187e+01
1.328893244887068192e+01
1.331267651794505547e+01
1.315639522551156659e+01
1.371047370019145006e+01
1.354687627539052386e+01
1.339584834807746461e+01
1.376472296994494471e+01
1.435254084725922397e+01
1.420423482929524894e+01
1.477320132197942470e+01
1.438783368180284583e+01
1.496316233598674827e+01
1.512315803671488723e+01
1.445034468845927833e+01
1.526150861816804039e+01
1.608123518551625253e+01
1.608094215164459229e+01
1.594105192987719377e+01
1.648460572425760162e+01
1.631768066042804932e+01
1.614976061146476383e+01
1.652017741303041731e+01
1.714825726924672367e+01
1.696567009051953079e+01
1.762861283585422356e+01
1.718589126453111504e+01
1.768158700764060143e+01
1.783975377989138877e+01
1.718236800905731698e+01
1.804910868050787798e+01
1.885345234382776169e+01
1.885885810967748100e+01
1.871511263515791512e+01
1.927391843345442624e+01
1.910469063341232143e+01
1.891687909457181149e+01
1.929886263435728466e+01
1.984358555615722608e+01
1.981560041814803341e+01
2.039601522244253218e+01
1.986333600347189687e+01
2.048835937072687940e+01
2.062309301688747709e+01
1.996772621749349952e+01
2.084619070311866551e+01
2.155558313161024131e+01
2.166186171000874339e+01
2.148844629738212220e+01
2.203591979663128697e+01
2.191577805146163271e+01
2.172844065294728466e+01
2.201744545267882813e+01
2.267521531926277234e+01
2.251410130038230406e+01
2.316747235535699900e+01
2.266300012295790367e+01
2.323189579790661696e+01
2.340527254733347817e+01
2.259267175612950851e+01
2.355918020227078102e+01
2.430672280913781691e+01
2.450920166351871998e+01
2.423066350757131460e+01
2.476365276044201735e+01
2.465180329204206799e+01
2.445164979826808960e+01
2.483183487988691951e+01
2.540034453186171959e+01
2.529358014102754737e+01
2.590583577136997206e+01
2.540917542092109471e+01
2.593333152233183370e+01
2.608458673328568977e+01
2.522400475584697332e+01
2.634593909210489926e+01
2.710167683769525482e+01
2.726183291960999000e+01
2.702064951341983345e+01
2.758486715731699235e+01
2.741045105538202264e+01
2.727073647215434704e+01
2.756318230760108889e+01
2.812039800567497849e+01
2.804193902625416968e+01
2.873312858680369786e+01
2.805472494207643663e+01
2.875846983233225274e+01
2.889044137976664928e+01
2.808678553491364127e+01
2.915736053346650181e+01
2.984295080795058652e+01
3.008194002212093920e+01
2.972191045161214262e+01
3.027753810805086587e+01
3.014776316835502001e+01
3.003771551979848198e+01
3.032727087332736460e+01
3.090810578606844317e+01
3.073994543931857848e+01
3.150081711706114973e+01
3.080735448784007247e+01
3.156294443837752794e+01
3.161485081655033014e+01
3.073437483634014455e+01
3.193057040996317042e+01
3.255009985844465348e+01
3.289145198381547175e+01
3.249723636384205605e+01
3.314401219382036601e+01
3.297434973416643800e+01
3.287831099657535106e+01
3.311139969976274955e+01
3.365074696054435321e+01
3.352652864759606643e+01
3.419074426306551118e+01
3.350259821175282582e+01
3.425524096881613190e+01
3.439167745055107162e+01
3.338653048463606865e+01
3.473938558786931452e+01
3.527393464806878143e+01
3.561547838714428593e+01
3.522030109853375990e+01
3.583538568598221019e+01
3.581773250482109461e+01
3.558516551349163848e+01
3.580749694944497463e+01
3.643549659523263529e+01
3.637561894028209508e+01
3.694471148255685478e+01
3.629905581687124538e+01
3.703433093898657802e+01
3.717249424146258718e+01
3.610724562708709584e+01
3.750128180780556875e+01
3.805652738958656300e+01
3.828215041875002100e+01
3.799761401164820285e+01
3.852312875197603859e+01
3.856198733865095107e+01
3.835685630883499897e+01
3.849521150673139402e+01
3.917779454496584890e+01
3.912589799453121486e+01
3.964857829472905593e+01
3.906318155673931614e+01
3.990371755828599021e+01
3.984895975159882653e+01
3.893275014959161950e+01
4.027702386626204145e+01
4.074041744977293433e+01
4.096359964737501258e+01
4.062769865401159564e+01
4.132139502576062284e+01
4.131669395743991657e+01
4.098724041077278457e+01
4.123811074162730250e+01
4.205465173441662330e+01
4.177187501088362609e+01
4.248174961056498233e+01
4.166731629293983019e+01
4.248719213960995233e+01
4.254557688472761612e+01
4.161627338987295843e+01
4.296606831123019532e+01
4.354857155772567978e+01
4.375510595899407207e+01
4.328078901785973187e+01
4.395280684933147342e+01
4.400327582998750131e+01
4.365333452649714019e+01
4.394247440887794909e+01
4.473370173368356006e+01
4.454301912312693190e+01
4.517198682184590552e+01
4.446492994899709572e+01
4.533713022550978877e+01
4.532832169415973311e+01
4.435491880778927509e+01
4.563014241692406614e+01
4.620067863408777242e+01
4.641143292005575205e+01
4.587124330883175105e+01
4.660096183587386776e+01
4.666444781846176681e+01
4.625651951224704561e+01
4.659773098670215319e+01
4.745119674677459898e+01
4.728696190722415338e+01
4.790633697875688313e+01
4.722993087921287270e+01
4.797474059610227215e+01
4.800924036885518831e+01
4.702546478565266597e+01
4.829108521134529752e+01
4.869323660004876331e+01
4.926003881205837587e+01
4.859744139759617809e+01
4.921090622500067013e+01
4.927101794668417512e+01
4.904116420737391735e+01
4.933598448611227383e+01
5.013201331469944222e+01
4.992843455909768835e+01
5.073570662782498175e+01
4.981934618105901080e+01
5.075732453257736410e+01
5.090843893341033777e+01
4.979343075957318376e+01
